10.9
,2.1
8.2
,1.2
7.2
,0.87
7
,0.81
8.4
,1.27
8.5
,1.3
8.6
,1.34
10.2
,1.87
10.2
,1.87
10.5
,1.97
10.7
,2.03
10.9
,2.1
11.5
,2.3
11.8
,2.4
11.9
,2.43
10.7
,2.03
9.1
,1.5
8.6
,1.34
8.9
,1.44
8.2
,1.2
7.6
,1.0
6.8
,0.74
5.8
,0.41
5.2
,0.21
4.5
,-0.02
3.8
,-0.25
3.3
,-0.42
3.2
,-0.45
3.2
,-0.45
2.8
,-0.59
2.3
,-0.75
2.3
,-0.75
2.5
,-0.68
2.6
,-0.65
3
,-0.52
3.7
,-0.29
3.1
,-0.49
2.9
,-0.55
3.2
,-0.45
2.9
,-0.55
2.8
,-0.59
3.2
,-0.45
4.1
,-0.15
4.3
,-0.09
4.7
,0.04
5.4
,0.28
5.7
,0.38
5
,0.14
5.7
,0.38
5.9
,0.44
5.6
,0.34
6.3
,0.57
6.7
,0.71
6.6
,0.67
5.9
,0.44
5.9
,0.44
5.7
,0.38
4.9
,0.11
4.2
,-0.12
4.2
,-0.12
4.2
,-0.12
4.5
,-0.02
4.4
,-0.06
4.6
,0.01
4.2
,-0.12
3.8
,-0.25
3.3
,-0.42
2.7
,-0.62
2.6
,-0.65
3.1
,-0.49
3
,-0.52
2.7
,-0.62
2.5
,-0.68
2.2
,-0.78
2.2
,-0.78
1.1
,-1.15
0.7
,-1.28
0.4
,-1.38
0.9
,-1.21
1.4
,-1.05
1.5
,-1.02
1.2
,-1.12
1.2
,-1.12
1.2
,-1.12
0.6
,-1.31
0.6
,-1.31
0.7
,-1.28
1.5
,-1.02
3.7
,-0.29
4.4
,-0.06
4.0
,-0.19
3.9
,-0.22
3.8
,-0.25
4
,-0.19
4.4
,-0.06
4.8
,0.08
4.2
,-0.12
4.6
,0.01
4.8
,0.08
4.7
,0.04
2.9
,-0.55
3.2
,-0.45
3.9
,-0.22
4.2
,-0.12
4.9
,0.11
4.5
,-0.02
4
,-0.19
3.6
,-0.32
4.7
,0.04
4.5
,-0.02
4
,-0.19
4.3
,-0.09
4.6
,0.01
4.4
,-0.06
4.5
,-0.02
5
,0.14
3.8
,-0.25
3.8
,-0.25
4.7
,0.04
5.1
,0.18
5
,0.14
4.6
,0.01
5.6
,0.34
5.6
,0.34
5.9
,0.44
6
,0.47
6.5
,0.64
6.1
,0.51
7.5
,0.97
8.7
,1.37
9.3
,1.57
9.7
,1.7
11.3
,2.23
11.5
,2.3
11.2
,2.2
11.6
,2.33
11.4
,2.26
11.5
,2.3
11.2
,2.2
11.1
,2.16
10.8
,2.06
10.1
,1.83
8.5
,1.3
7.5
,0.97
4.7
,0.04
3.9
,-0.22
2.5
,-0.68
0.9
,-1.21
0.3
,-1.41
-0.5
,-1.68
-0.4
,-1.65
-0.7
,-1.74
-1.7
,-2.08
-2.1
,-2.21
-2.1
,-2.21
-1.9
,-2.14
-1
,-1.84
-0.3
,-1.61
1.4
,-1.05
2.5
,-0.68
2.8
,-0.59
3.4
,-0.39
2.8
,-0.59
2.8
,-0.59
3.8
,-0.25
4.5
,-0.02
5
,0.14
5.4
,0.28
5.1
,0.18
5.5
,0.31
5.1
,0.18
5.4
,0.28
5.5
,0.31
4.9
,0.11
5.3
,0.24
5.6
,0.34
5.4
,0.28
4.7
,0.04
4.4
,-0.06
4.1
,-0.15
4.7
,0.04
4.4
,-0.06
4.7
,0.04
4.3
,-0.09
4.1
,-0.15
4.4
,-0.06
4.1
,-0.15
4.2
,-0.12
4.1
,-0.15
4.2
,-0.12
3.8
,-0.25
3.6
,-0.32
3.7
,-0.29
4
,-0.19
3.8
,-0.25
3.4
,-0.39
3.6
,-0.32
4.1
,-0.15
3.9
,-0.22
3.6
,-0.32
2.6
,-0.65
2.2
,-0.78
2.1
,-0.82
2
,-0.85
1.6
,-0.98
1.1
,-1.15
0.7
,-1.28
0.8
,-1.25
0.6
,-1.31
0.4
,-1.38
0
,-1.51
-0.2
,-1.58
